<?xml version="1.0" encoding="UTF-8" standalone="no"?>
<!DOCTYPE svg PUBLIC "-//W3C//DTD SVG 20010904//EN"
              "http://www.w3.org/TR/2001/REC-SVG-20010904/DTD/svg10.dtd">

<svg xmlns="http://www.w3.org/2000/svg"
     width="6.59722in" height="6.59722in"
     viewBox="0 0 475 475">
  <path id="asa_dentro"
        fill="none" stroke="black" stroke-width="1"
        d="M 164.65,232.33
           C 164.65,232.33 217.01,214.18 217.01,214.18
             217.01,214.18 237.15,222.81 237.15,222.81
             237.15,222.81 261.76,219.00 261.76,219.00
             261.76,219.00 294.80,184.04 294.80,184.04
             294.80,184.04 292.43,197.13 292.43,197.13
             292.43,197.13 327.14,169.62 327.14,169.62
             327.14,169.62 307.99,216.57 307.99,216.57
             307.99,216.57 353.22,215.92 353.22,215.92
             353.22,215.92 338.84,238.51 338.84,238.51
             338.84,238.51 359.26,258.83 359.26,258.83
             359.26,258.83 319.31,277.35 319.31,277.35
             319.31,277.35 299.15,289.23 299.15,289.23
             299.15,289.23 273.07,273.02 273.07,273.02
             273.07,273.02 261.52,280.53 261.52,280.53" />
</svg>
