<?xml version="1.0" encoding="UTF-8" standalone="no"?>
<!DOCTYPE svg PUBLIC "-//W3C//DTD SVG 20010904//EN"
              "http://www.w3.org/TR/2001/REC-SVG-20010904/DTD/svg10.dtd">

<svg xmlns="http://www.w3.org/2000/svg"
     width="6.59722in" height="6.59722in"
     viewBox="0 0 475 475">
  <path id="asa_fora"
        fill="none" stroke="black" stroke-width="1"
        d="M 178.03,226.46
           C 178.03,226.46 306.48,214.74 306.48,214.74
             306.48,214.74 388.00,174.30 388.00,174.30
             388.00,174.30 382.65,183.86 382.65,183.86
             382.65,183.86 400.57,179.65 400.57,179.65
             400.57,179.65 353.69,227.60 353.69,227.60
             353.69,227.60 424.68,221.79 424.68,221.79
             424.68,221.79 360.17,258.23 360.17,258.23
             360.17,258.23 399.20,275.42 399.20,275.42
             399.20,275.42 357.22,278.59 357.22,278.59
             357.22,278.59 382.45,303.88 382.45,303.88
             382.45,303.88 367.63,300.15 367.63,300.15
             367.63,300.15 381.29,314.31 381.29,314.31
             381.29,314.31 368.85,311.59 368.85,311.59
             368.85,311.59 383.74,325.01 383.74,325.01
             383.74,325.01 293.31,292.68 293.31,292.68
             293.31,292.68 292.93,297.36 292.93,297.36
             292.93,297.36 282.82,292.23 282.82,292.23
             282.82,292.23 278.04,287.62 278.04,287.62
             278.04,287.62 285.26,300.74 285.26,300.74" />
</svg>
