<?xml version="1.0" encoding="UTF-8" standalone="no"?>
<!DOCTYPE svg PUBLIC "-//W3C//DTD SVG 20010904//EN"
              "http://www.w3.org/TR/2001/REC-SVG-20010904/DTD/svg10.dtd">

<svg xmlns="http://www.w3.org/2000/svg"
     width="6.59722in" height="6.59722in"
     viewBox="0 0 475 475">
  <path id="corpo_polygon"
        fill="none" stroke="black" stroke-width="1"
        d="M 112.08,275.49
           C 112.08,275.49 113.06,249.84 113.06,249.84
             113.06,249.84 121.20,232.84 121.20,232.84
             121.20,232.84 131.42,228.61 131.42,228.61
             131.42,228.61 298.98,218.12 298.98,218.12
             298.98,218.12 319.58,218.43 319.58,218.43
             319.58,218.43 334.21,225.60 334.21,225.60
             334.21,225.60 349.40,237.09 349.40,237.09
             349.40,237.09 354.97,251.58 354.97,251.58
             354.97,251.58 354.18,269.90 354.18,269.90
             354.18,269.90 349.88,290.62 349.88,290.62
             349.88,290.62 338.04,300.30 338.04,300.30
             338.04,300.30 309.89,305.47 309.89,305.47
             309.89,305.47 258.44,313.29 258.44,313.29
             258.44,313.29 205.95,326.66 205.95,326.66
             205.95,326.66 188.33,328.14 188.33,328.14
             188.33,328.14 151.11,327.06 151.11,327.06
             151.11,327.06 131.18,323.98 131.18,323.98
             131.18,323.98 120.27,315.67 120.27,315.67
             120.27,315.67 115.09,301.94 115.09,301.94" />
</svg>
