<?xml version="1.0" encoding="UTF-8" standalone="no"?>
<!DOCTYPE svg PUBLIC "-//W3C//DTD SVG 20010904//EN"
              "http://www.w3.org/TR/2001/REC-SVG-20010904/DTD/svg10.dtd">

<svg xmlns="http://www.w3.org/2000/svg"
     width="6.59722in" height="6.59722in"
     viewBox="0 0 475 475">
  <path id="corpo_com_pernas_fora"
        fill="none" stroke="black" stroke-width="1"
        d="M 125.05,442.99
           C 125.05,442.99 116.28,442.21 116.28,442.21
             116.28,442.21 111.64,438.70 111.64,438.70
             111.64,438.70 110.07,434.15 110.07,434.15
             110.07,434.15 110.07,427.95 110.07,427.95
             110.07,427.95 113.32,424.78 113.32,424.78
             113.32,424.78 119.33,416.94 119.33,416.94
             119.33,416.94 121.53,409.90 121.53,409.90
             121.53,409.90 123.11,402.86 123.11,402.86
             123.11,402.86 125.56,392.66 125.56,392.66
             125.56,392.66 127.27,378.87 127.27,378.87
             127.27,378.87 126.72,370.57 126.72,370.57
             126.72,370.57 122.09,344.89 122.09,344.89
             122.09,344.89 119.12,331.40 119.12,331.40
             119.12,331.40 115.37,315.33 115.37,315.33
             115.37,315.33 113.82,300.68 113.82,300.68
             113.82,300.68 111.36,278.93 111.36,278.93
             111.36,278.93 115.91,250.79 115.91,250.79
             115.91,250.79 123.04,241.16 123.04,241.16
             123.04,241.16 133.56,232.52 133.56,232.52
             133.56,232.52 146.92,225.87 146.92,225.87
             146.92,225.87 160.60,223.70 160.60,223.70
             160.60,223.70 177.28,222.77 177.28,222.77
             177.28,222.77 204.12,224.94 204.12,224.94
             204.12,224.94 230.97,222.86 230.97,222.86
             230.97,222.86 303.73,215.36 303.73,215.36
             303.73,215.36 328.23,219.79 328.23,219.79
             328.23,219.79 339.42,231.24 339.42,231.24
             339.42,231.24 343.30,237.35 343.30,237.35
             343.30,237.35 352.57,273.81 352.57,273.81
             352.57,273.81 351.54,283.45 351.54,283.45
             351.54,283.45 351.00,304.04 351.00,304.04
             351.00,304.04 347.67,316.25 347.67,316.25
             347.67,316.25 347.95,329.83 347.95,329.83
             347.95,329.83 349.93,340.66 349.93,340.66
             349.93,340.66 353.65,353.67 353.65,353.67
             353.65,353.67 360.62,365.35 360.62,365.35
             360.62,365.35 368.57,374.41 368.57,374.41
             368.57,374.41 369.58,384.28 369.58,384.28
             369.58,384.28 368.14,397.53 368.14,397.53
             368.14,397.53 360.39,412.86 360.39,412.86
             360.39,412.86 350.42,428.47 350.42,428.47
             350.42,428.47 341.16,437.47 341.16,437.47
             341.16,437.47 332.45,441.72 332.45,441.72
             332.45,441.72 325.27,444.02 325.27,444.02
             325.27,444.02 317.69,445.37 317.69,445.37
             317.69,445.37 314.03,442.56 314.03,442.56
             314.03,442.56 309.18,437.41 309.18,437.41
             309.18,437.41 309.38,428.93 309.38,428.93
             309.38,428.93 312.00,425.21 312.00,425.21
             312.00,425.21 322.73,422.23 322.73,422.23
             322.73,422.23 340.71,389.18 340.71,389.18
             340.71,389.18 328.24,372.32 328.24,372.32
             328.24,372.32 319.80,368.44 319.80,368.44
             319.80,368.44 302.15,359.75 302.15,359.75
             302.15,359.75 280.28,323.97 280.28,323.97
             280.28,323.97 264.91,311.01 264.91,311.01
             264.91,311.01 251.56,313.17 251.56,313.17
             251.56,313.17 217.31,326.00 217.31,326.00
             217.31,326.00 201.94,328.65 201.94,328.65
             201.94,328.65 191.94,329.05 191.94,329.05
             191.94,329.05 182.85,345.72 182.85,345.72
             182.85,345.72 175.96,362.69 175.96,362.69
             175.96,362.69 173.69,381.84 173.69,381.84
             173.69,381.84 169.46,403.12 169.46,403.12
             169.46,403.12 167.68,420.37 167.68,420.37
             167.68,420.37 162.75,436.54 162.75,436.54
             162.75,436.54 152.76,448.84 152.76,448.84
             152.76,448.84 144.21,452.29 144.21,452.29
             144.21,452.29 136.74,452.44 136.74,452.44" />
</svg>
