<?xml version="1.0" encoding="UTF-8" standalone="no"?>
<!DOCTYPE svg PUBLIC "-//W3C//DTD SVG 20010904//EN"
              "http://www.w3.org/TR/2001/REC-SVG-20010904/DTD/svg10.dtd">

<svg xmlns="http://www.w3.org/2000/svg"
     width="6.59722in" height="6.59722in"
     viewBox="0 0 475 475">
  <path id="HEAD"
        fill="none" stroke="black" stroke-width="1"
        d="M 131.07,240.69
           C 131.07,240.69 116.77,225.69 116.77,225.69
             116.77,225.69 111.62,238.01 111.62,238.01
             111.62,238.01 105.78,220.61 105.78,220.61
             105.78,220.61 87.64,214.33 87.64,214.33
             87.64,214.33 76.22,208.47 76.22,208.47
             76.22,208.47 65.04,199.33 65.04,199.33
             65.04,199.33 59.60,187.62 59.60,187.62
             59.60,187.62 50.47,178.83 50.47,178.83
             50.47,178.83 48.00,166.21 48.00,166.21
             48.00,166.21 55.07,159.10 55.07,159.10
             55.07,159.10 68.00,154.87 68.00,154.87
             68.00,154.87 85.71,127.44 85.71,127.44
             85.71,127.44 94.73,124.80 94.73,124.80
             94.73,124.80 110.60,123.19 110.60,123.19
             110.60,123.19 153.46,92.86 153.46,92.86
             153.46,92.86 142.15,113.83 142.15,113.83
             142.15,113.83 154.63,109.19 154.63,109.19
             154.63,109.19 144.57,119.67 144.57,119.67
             144.57,119.67 154.44,119.10 154.44,119.10
             154.44,119.10 183.94,148.97 183.94,148.97
             183.94,148.97 198.41,154.28 198.41,154.28
             198.41,154.28 157.30,151.80 157.30,151.80
             157.30,151.80 178.62,154.94 178.62,154.94
             178.62,154.94 193.63,167.90 193.63,167.90
             193.63,167.90 183.65,169.20 183.65,169.20
             183.65,169.20 202.88,182.94 202.88,182.94
             202.88,182.94 169.24,182.41 169.24,182.41
             169.24,182.41 179.73,184.97 179.73,184.97
             179.73,184.97 191.30,196.56 191.30,196.56
             191.30,196.56 180.94,196.31 180.94,196.31
             180.94,196.31 195.79,204.14 195.79,204.14
             195.79,204.14 159.44,203.22 159.44,203.22
             159.44,203.22 165.76,210.26 165.76,210.26
             165.76,210.26 152.95,205.89 152.95,205.89
             152.95,205.89 159.52,226.32 159.52,226.32
             159.52,226.32 136.37,217.78 136.37,217.78
             136.37,217.78 141.50,225.87 141.50,225.87
             141.50,225.87 127.03,216.72 127.03,216.72" />
</svg>
