<?xml version="1.0" encoding="UTF-8" standalone="no"?>
<!DOCTYPE svg PUBLIC "-//W3C//DTD SVG 20010904//EN"
              "http://www.w3.org/TR/2001/REC-SVG-20010904/DTD/svg10.dtd">

<svg xmlns="http://www.w3.org/2000/svg"
     width="6.59722in" height="6.59722in"
     viewBox="0 0 475 475">
  <path id="juba_cinza"
        fill="none" stroke="black" stroke-width="1"
        d="M 111.44,214.05
           C 111.44,214.05 113.99,247.34 113.99,247.34
             113.99,247.34 118.78,243.52 118.78,243.52
             118.78,243.52 124.37,265.60 124.37,265.60
             124.37,265.60 128.55,256.79 128.55,256.79
             128.55,256.79 131.90,259.85 131.90,259.85
             131.90,259.85 133.52,243.41 133.52,243.41
             133.52,243.41 140.48,260.45 140.48,260.45
             140.48,260.45 146.60,248.33 146.60,248.33
             146.60,248.33 157.74,267.76 157.74,267.76
             157.74,267.76 158.83,261.76 158.83,261.76
             158.83,261.76 171.04,273.18 171.04,273.18
             171.04,273.18 166.27,250.06 166.27,250.06
             166.27,250.06 173.86,257.26 173.86,257.26
             173.86,257.26 174.81,253.09 174.81,253.09
             174.81,253.09 177.50,254.07 177.50,254.07
             177.50,254.07 178.25,249.98 178.25,249.98
             178.25,249.98 180.37,250.99 180.37,250.99
             180.37,250.99 181.66,245.96 181.66,245.96
             181.66,245.96 201.48,252.03 201.48,252.03
             201.48,252.03 191.33,235.45 191.33,235.45
             191.33,235.45 189.92,225.21 189.92,225.21
             189.92,225.21 197.41,227.22 197.41,227.22
             197.41,227.22 210.50,231.35 210.50,231.35
             210.50,231.35 203.17,223.05 203.17,223.05
             203.17,223.05 199.19,216.31 199.19,216.31
             199.19,216.31 202.49,216.79 202.49,216.79
             202.49,216.79 196.13,210.07 196.13,210.07
             196.13,210.07 205.20,211.06 205.20,211.06
             205.20,211.06 214.28,209.97 214.28,209.97
             214.28,209.97 201.07,201.14 201.07,201.14
             201.07,201.14 211.10,202.84 211.10,202.84
             211.10,202.84 216.66,201.33 216.66,201.33
             216.66,201.33 224.35,201.79 224.35,201.79
             224.35,201.79 217.30,198.95 217.30,198.95
             217.30,198.95 205.72,188.72 205.72,188.72
             205.72,188.72 217.31,186.85 217.31,186.85
             217.31,186.85 198.03,179.19 198.03,179.19
             198.03,179.19 173.46,181.45 173.46,181.45
             173.46,181.45 153.27,182.54 153.27,182.54
             153.27,182.54 137.55,191.04 137.55,191.04
             137.55,191.04 114.31,211.84 114.31,211.84" />
</svg>
