<?xml version="1.0" encoding="UTF-8" standalone="no"?>
<!DOCTYPE svg PUBLIC "-//W3C//DTD SVG 20010904//EN"
              "http://www.w3.org/TR/2001/REC-SVG-20010904/DTD/svg10.dtd">

<svg xmlns="http://www.w3.org/2000/svg"
     width="6.59722in" height="6.59722in"
     viewBox="0 0 475 475">
  <path id="juba_branca_2"
        fill="none" stroke="black" stroke-width="1"
        d="M 94.61,211.95
           C 94.61,211.95 98.98,217.87 98.98,217.87
             98.98,217.87 97.16,218.17 97.16,218.17
             97.16,218.17 88.26,225.07 88.26,225.07
             88.26,225.07 80.46,229.82 80.46,229.82
             80.46,229.82 74.29,233.70 74.29,233.70
             74.29,233.70 85.30,234.96 85.30,234.96
             85.30,234.96 95.21,234.12 95.21,234.12
             95.21,234.12 105.35,231.64 105.35,231.64
             105.35,231.64 96.43,239.66 96.43,239.66
             96.43,239.66 91.18,242.96 91.18,242.96
             91.18,242.96 95.67,242.22 95.67,242.22
             95.67,242.22 102.14,240.30 102.14,240.30
             102.14,240.30 95.89,246.34 95.89,246.34
             95.89,246.34 91.32,252.36 91.32,252.36
             91.32,252.36 85.51,260.95 85.51,260.95
             85.51,260.95 94.73,257.99 94.73,257.99
             94.73,257.99 102.74,253.75 102.74,253.75
             102.74,253.75 98.80,263.01 98.80,263.01
             98.80,263.01 92.81,279.44 92.81,279.44
             92.81,279.44 85.63,293.72 85.63,293.72
             85.63,293.72 82.05,304.42 82.05,304.42
             82.05,304.42 79.30,315.30 79.30,315.30
             79.30,315.30 92.05,303.27 92.05,303.27
             92.05,303.27 102.47,293.52 102.47,293.52
             102.47,293.52 111.59,281.99 111.59,281.99
             111.59,281.99 117.03,271.67 117.03,271.67
             117.03,271.67 118.40,291.80 118.40,291.80
             118.40,291.80 123.60,306.65 123.60,306.65
             123.60,306.65 128.93,321.31 128.93,321.31
             128.93,321.31 136.11,337.64 136.11,337.64
             136.11,337.64 139.53,324.62 139.53,324.62
             139.53,324.62 141.99,312.26 141.99,312.26
             141.99,312.26 145.47,300.69 145.47,300.69
             145.47,300.69 147.88,286.85 147.88,286.85
             147.88,286.85 147.88,281.60 147.88,281.60
             147.88,281.60 154.04,290.65 154.04,290.65
             154.04,290.65 159.28,299.01 159.28,299.01
             159.28,299.01 162.86,303.28 162.86,303.28
             162.86,303.28 164.25,289.55 164.25,289.55
             164.25,289.55 164.25,286.36 164.25,286.36
             164.25,286.36 175.85,295.74 175.85,295.74
             175.85,295.74 183.60,303.86 183.60,303.86
             183.60,303.86 197.14,315.61 197.14,315.61
             197.14,315.61 206.86,322.45 206.86,322.45
             206.86,322.45 200.82,303.54 200.82,303.54
             200.82,303.54 192.22,280.77 192.22,280.77
             192.22,280.77 199.84,286.56 199.84,286.56
             199.84,286.56 196.21,273.50 196.21,273.50
             196.21,273.50 193.17,265.08 193.17,265.08
             193.17,265.08 187.53,255.25 187.53,255.25
             187.53,255.25 219.90,278.19 219.90,278.19
             219.90,278.19 232.88,285.41 232.88,285.41
             232.88,285.41 249.26,292.84 249.26,292.84
             249.26,292.84 246.91,285.92 246.91,285.92
             246.91,285.92 237.95,272.33 237.95,272.33
             237.95,272.33 234.65,266.24 234.65,266.24
             234.65,266.24 227.83,254.52 227.83,254.52
             227.83,254.52 218.84,241.49 218.84,241.49
             218.84,241.49 230.67,251.13 230.67,251.13
             230.67,251.13 239.26,253.01 239.26,253.01
             239.26,253.01 235.64,245.94 235.64,245.94
             235.64,245.94 227.71,234.55 227.71,234.55
             227.71,234.55 222.52,228.99 222.52,228.99
             222.52,228.99 233.27,230.60 233.27,230.60
             233.27,230.60 236.77,229.53 236.77,229.53
             236.77,229.53 227.28,221.51 227.28,221.51
             227.28,221.51 250.07,221.47 250.07,221.47
             250.07,221.47 265.44,219.97 266.20,219.97
             266.95,219.97 288.65,214.27 289.80,214.27
             290.94,214.27 298.49,214.27 298.49,214.27
             298.49,214.27 273.24,208.27 273.24,208.27
             273.24,208.27 258.88,205.48 258.88,205.48
             258.88,205.48 246.16,201.85 246.16,201.85
             246.16,201.85 263.00,195.49 263.00,195.49
             263.00,195.49 250.90,193.08 250.90,193.08
             250.90,193.08 242.94,193.54 242.94,193.54
             242.94,193.54 257.27,181.46 257.27,181.46
             257.27,181.46 273.90,172.48 273.90,172.48
             273.90,172.48 286.27,162.91 286.27,162.91
             286.27,162.91 289.12,161.96 289.12,161.96
             289.12,161.96 268.64,160.91 268.64,160.91
             268.64,160.91 251.39,164.94 251.39,164.94
             251.39,164.94 236.02,169.27 236.02,169.27
             236.02,169.27 221.71,172.73 221.71,172.73
             221.71,172.73 210.13,174.89 210.13,174.89
             210.13,174.89 214.72,167.42 214.72,167.42
             214.72,167.42 198.98,172.44 198.98,172.44
             198.98,172.44 190.95,177.32 190.95,177.32
             190.95,177.32 182.11,176.11 182.11,176.11
             182.11,176.11 165.66,171.10 165.66,171.10
             165.66,171.10 171.43,177.13 171.43,177.13
             171.43,177.13 171.96,183.36 171.96,183.36
             171.96,183.36 155.04,175.22 155.04,175.22
             155.04,175.22 148.48,173.67 148.48,173.67
             148.48,173.67 147.78,182.18 147.78,182.18
             147.78,182.18 148.76,186.44 148.76,186.44
             148.76,186.44 148.16,195.00 148.16,195.00
             148.16,195.00 133.21,188.08 133.21,188.08
             133.21,188.08 124.48,184.03 124.48,184.03
             124.48,184.03 121.94,184.03 121.94,184.03
             121.94,184.03 122.56,191.01 122.56,191.01
             122.56,191.01 124.43,195.95 124.43,195.95
             124.43,195.95 124.43,199.67 124.43,199.67
             124.43,199.67 124.43,202.08 124.43,202.08
             124.43,202.08 109.07,198.75 109.07,198.75
             109.07,198.75 101.44,194.84 101.44,194.84
             101.44,194.84 105.99,205.47 105.99,205.47
             105.99,205.47 110.36,213.42 110.36,213.42
             110.36,213.42 107.34,212.41 105.89,211.91
             104.45,211.42 97.52,209.53 97.52,209.53
             97.52,209.53 91.33,207.46 91.33,207.46" />
</svg>
