<?xml version="1.0" encoding="UTF-8" standalone="no"?>
<!DOCTYPE svg PUBLIC "-//W3C//DTD SVG 20010904//EN"
              "http://www.w3.org/TR/2001/REC-SVG-20010904/DTD/svg10.dtd">

<svg xmlns="http://www.w3.org/2000/svg"
     width="6.59722in" height="6.59722in"
     viewBox="0 0 475 475">
  <path id="Unnamed"
        fill="none" stroke="black" stroke-width="1"
        d="M 75.82,317.69
           C 75.82,317.69 100.91,254.53 100.91,254.53
             100.91,254.53 84.04,261.88 84.04,261.88
             84.04,261.88 98.84,241.56 98.84,241.56
             98.84,241.56 93.95,241.67 93.95,241.67
             93.95,241.67 101.73,232.46 101.73,232.46
             101.73,232.46 71.45,236.41 71.45,236.41
             71.45,236.41 135.28,189.89 135.28,189.89
             135.28,189.89 194.25,176.17 194.25,176.17
             194.25,176.17 211.19,168.23 211.19,168.23
             211.19,168.23 209.68,175.36 209.68,175.36
             209.68,175.36 285.97,162.77 285.97,162.77
             285.97,162.77 243.96,191.81 243.96,191.81
             243.96,191.81 264.09,189.98 264.09,189.98
             264.09,189.98 246.91,199.98 246.91,199.98
             246.91,199.98 303.12,214.97 303.12,214.97
             303.12,214.97 230.61,223.88 230.61,223.88
             230.61,223.88 237.30,228.30 237.30,228.30
             237.30,228.30 223.98,232.75 223.98,232.75
             223.98,232.75 242.98,253.51 242.98,253.51
             242.98,253.51 221.36,247.56 221.36,247.56
             221.36,247.56 253.55,295.48 253.55,295.48
             253.55,295.48 189.72,257.84 189.72,257.84
             189.72,257.84 201.58,288.62 201.58,288.62
             201.58,288.62 192.65,281.57 192.65,281.57
             192.65,281.57 207.16,323.40 207.16,323.40
             207.16,323.40 163.61,283.97 163.61,283.97
             163.61,283.97 163.97,303.08 163.97,303.08
             163.97,303.08 148.34,280.94 148.34,280.94
             148.34,280.94 137.15,345.97 137.15,345.97
             137.15,345.97 116.70,271.06 116.70,271.06" />
</svg>
