<?xml version="1.0" encoding="UTF-8" standalone="no"?>
<!DOCTYPE svg PUBLIC "-//W3C//DTD SVG 20010904//EN"
              "http://www.w3.org/TR/2001/REC-SVG-20010904/DTD/svg10.dtd">

<svg xmlns="http://www.w3.org/2000/svg"
     width="6.59722in" height="6.59722in"
     viewBox="0 0 475 475">
  <path id="olho_roxo"
        fill="none" stroke="black" stroke-width="1"
        d="M 88.16,167.86
           C 88.16,167.86 99.98,173.04 99.98,173.04
             99.98,173.04 109.24,175.18 109.24,175.18
             109.24,175.18 114.23,174.89 114.23,174.89
             114.23,174.89 119.56,171.93 119.56,171.93
             119.56,171.93 124.58,164.00 124.58,164.00
             124.58,164.00 128.55,155.97 128.55,155.97
             128.55,155.97 128.20,154.19 128.20,154.19
             128.20,154.19 124.81,152.74 124.81,152.74
             124.81,152.74 118.62,152.11 118.62,152.11
             118.62,152.11 112.59,152.40 112.59,152.40
             112.59,152.40 105.93,153.23 105.93,153.23
             105.93,153.23 100.14,155.43 100.14,155.43
             100.14,155.43 95.59,157.85 95.59,157.85
             95.59,157.85 92.37,160.77 92.37,160.77" />
</svg>
