<?xml version="1.0" encoding="UTF-8" standalone="no"?>
<!DOCTYPE svg PUBLIC "-//W3C//DTD SVG 20010904//EN"
              "http://www.w3.org/TR/2001/REC-SVG-20010904/DTD/svg10.dtd">

<svg xmlns="http://www.w3.org/2000/svg"
     width="6.59722in" height="6.59722in"
     viewBox="0 0 475 475">
  <path id="orelha_fora"
        fill="none" stroke="black" stroke-width="1"
        d="M 140.63,148.06
           C 140.63,148.06 198.32,154.81 198.32,154.81
             198.32,154.81 190.78,150.51 190.78,150.51
             190.78,150.51 182.82,149.63 182.82,149.63
             182.82,149.63 277.70,125.10 277.70,125.10
             277.70,125.10 264.00,122.03 264.00,122.03
             264.00,122.03 260.53,123.37 260.53,123.37
             260.53,123.37 313.58,68.51 313.58,68.51
             313.58,68.51 192.72,91.89 192.72,91.89
             192.72,91.89 166.76,109.94 166.76,109.94
             166.76,109.94 144.30,135.43 144.30,135.43" />
</svg>
