<?xml version="1.0" encoding="UTF-8" standalone="no"?>
<!DOCTYPE svg PUBLIC "-//W3C//DTD SVG 20010904//EN"
              "http://www.w3.org/TR/2001/REC-SVG-20010904/DTD/svg10.dtd">

<svg xmlns="http://www.w3.org/2000/svg"
     width="6.59722in" height="6.59722in"
     viewBox="0 0 475 475">
  <path id="pata_tras_1"
        fill="none" stroke="black" stroke-width="1"
        d="M 354.61,414.95
           C 354.61,414.95 331.31,409.66 331.31,409.66
             331.31,409.66 305.69,426.12 305.69,426.12
             305.69,426.12 303.96,432.17 303.96,432.17
             303.96,432.17 305.15,437.79 305.15,437.79
             305.15,437.79 308.32,441.67 308.32,441.67
             308.32,441.67 312.59,445.00 312.59,445.00
             312.59,445.00 318.15,445.48 318.15,445.48
             318.15,445.48 330.47,443.00 330.47,443.00
             330.47,443.00 342.54,435.39 342.54,435.39
             342.54,435.39 355.13,415.50 355.13,415.50" />
</svg>
